ïżœ{ïżœĘRïżœ[ïżœh	ïżœfïżœ[ïżœ^ïżœïżœïżœÊÔïżœ	ïżœȚ@ïżœNïżœïżœïżœïżœïżœiïżœïżœïżœïżœj	ïżœïżœïżœ@ïżœNïżœïżœïżœïżœïżœiïżœïżœïżœïżœj	ïżœfïżœ[ïżœ^ïżœæȘ	ïżœïżœïżœïżœïżœÔïżœ	ïżœsïżœŚïżœïżœŚÔïżœ	ïżœaïżœ@ïżœ_ïżœïżœïżœ}ïżœXïżœ^ïżœRïżœ[ïżœh	ïżœïżœïżœZïżœvïżœgïżœdïżœZïżœïżœïżœïżœïżœVïżœXïżœeïżœïżœïżœpïżœRïżœ[ïżœh	ïżœïżœïżœßÔïżœ	ïżœfïżœĂïżœïżœŚïżœïżœïżœ	ïżœgïżœpïżœïżœ	ïżœîïżœPïżœïżœ	ïżœïżœïżœŚ_ïżœïżœïżœEïżœïżœïżœz	ïżœ~ïżœEïżœ_ïżœæȘ	ïżœoïżœïżœïżœïżœïżœïżœïżœŃ_ïżœïżœ	ïżœsïżœŚïżœïżœŚæȘïżœïżœïżœ	ïżœsïżœŚ_ïżœïżœ	ïżœsïżœŚïżœÜïżœ	ïżœsïżœŚȚïżœïżœïżœ	ïżœsïżœŚïżœ	ïżœÛïżœïżœÒÔïżœ	ïżœïżœïżœZïżœvïżœgïżœïżœÊRïżœ[ïżœh	ïżœïżœïżœ{ïżœNïżœïżœïżœïżœ	ïżœïżœïżœZïżœvïżœgïżœÈæȘ	ïżœfïżœĂÈæȘ	ïżœïżœtïżœRïżœ[ïżœh	ïżœaïżœïżœïżœRïżœ[ïżœh	ïżœaïżœïżœïżœæȘ	ïżœïżœïżœOïżœæȘ	ïżœ{ïżœĘ^ïżœCïżœv
987654321	0000001001	20250618	20250603	11	0001	001	110012	111000110	A0001	ïżœïżœïżœf	0000000.000	000	0002880.000	1	00000000	000000000000	00000000	00000000	00000000	001	99123456	1111	20250603	08	350	00500	1906255555	0	0	000
987654321	0000001001	20241010	20250603	13	0008	002	8700CT      	113009470	B009	ïżœfïżœĂïżœïżœńïżœïżœiïżœPïżœj	0000000.000	000	0002000.000	0	00000000	000000000000	00000000	00000000	00000000	001	99123456	1111	20250618	08	350	00500	1906255555	0	0	000
987654321	0000001001	20241010	20250603	13	0003	001	130144	113010810	B0081	ïżœïżœÜÇïżœïżœwïżœïżœïżœïżœïżœPïżœiïżœïżœïżœSïżœÇïżœïżœïżœvïżœïżœïżœïżœïżœïżœiïżœïżœïżœ^ïżœïżœïżœÒj	0000000.000	000	0003800.000	1	00000000	000000000000	00000000	00000000	00000000	001	99123456	1111	20250604	08	350	00500	1906255555	0	0	000
987654321	0000001001	20241010	20250603	13	0006	001	130144	113010810	B0081	ïżœïżœÜÇïżœïżœwïżœïżœïżœïżœïżœPïżœiïżœïżœïżœSïżœÇïżœïżœïżœvïżœïżœïżœïżœïżœïżœiïżœïżœïżœ^ïżœïżœïżœÒj	0000000.000	000	0003800.000	1	00000000	000000000000	00000000	00000000	00000000	001	99123456	1111	20250617	08	350	00500	1906255555	0	0	000
987654321	0000001001	20241010	20250603	13	0004	001	130144	113010810	B0081	ïżœïżœÜÇïżœïżœwïżœïżœïżœïżœïżœPïżœiïżœïżœïżœSïżœÇïżœïżœïżœvïżœïżœïżœïżœïżœïżœiïżœïżœïżœ^ïżœïżœïżœÒj	0000000.000	000	0003800.000	1	00000000	000000000000	00000000	00000000	00000000	001	99123456	1111	20250608	08	350	00500	1906255555	0	0	000
987654321	0000001001	20241010	20250603	13	0001	001	130145	113011210	B011-41	ïżœïżœĂ@ïżœïżœïżœïżœSïżœÇïżœïżœïżœïżœiïżœïżœïżœïżœïżœÛïżœïżœÇïżœïżœïżœïżœuïżœgïżœpïżœj	0000000.000	000	0001000.000	0	00000000	000000000000	00000000	00000000	00000000	001	99123456	1111	20250603	08	350	00500	1906255555	0	0	000
987654321	0000001001	20241010	20250603	13	0002	001	130193	113013710	B001-27	ïżœ@ïżœïżœïżœgïżœïżœïżœAïżœ[ïżœWïżœïżœïżœ{ïżœïżœ	0000000.000	000	0003000.000	1	00000000	000000000000	00000000	00000000	00000000	001	99123456	1111	20250603	08	350	00500	1906255555	0	0	000
987654321	0000001001	20241010	20250603	13	0005	001	130217	113017610	B00110	ïżœïżœïżœ@ïżœhïżœ{ïżœHïżœïżœïżœwïżœïżœïżœïżœïżœPïżœiïżœïżœïżœïżœj	0000000.000	000	0002600.000	0	00000000	000000000000	00000000	00000000	00000000	001	99123456	1111	20250612	08	350	00500	1906255555	0	0	000
987654321	0000001001	20241010	20250603	13	0007	001	130147	113701910	B014	ïżœȚ@ïżœïżœïżœïżœÜïżœïżœÇïżœïżœwïżœïżœïżœïżœ	0000000.000	000	0000900.000	1	00000000	000000000000	00000000	00000000	00000000	001	99123456	1111	20250618	08	350	00500	1906255555	0	0	000
987654321	0000001001	20241010	20250603	13	0008	001	880330	180016110	B009	ïżœfïżœĂïżœïżœńïżœïżœiïżœPïżœj	0000000.000	000	0002500.000	0	00000000	000000000000	00000000	00000000	00000000	001	99123456	1111	20250618	08	350	00500	1906255555	0	0	000
987654321	0000001001	20241010	20250603	21	0008	002	336578	610421319		ïżœRïżœoïżœVïżœïżœïżœïżœïżœSïżœïżœïżœïżœ	0000001.000	016	0000075.600	0	00000000	000000000000	00000000	00000000	00000000	001	99123456	1111	20250605	08	350	00500	1906255555	0	0	000
987654321	0000001001	20241010	20250603	21	0036	007	336578	610421319		ïżœRïżœoïżœVïżœïżœïżœïżœïżœSïżœïżœïżœïżœ	0000001.000	016	0000075.600	1	00000000	000000000000	00000000	00000000	00000000	001	99123456	1111	20250612	08	350	00500	1906255555	0	0	000
987654321	0000001001	20241010	20250603	21	0037	007	336578	610421319		ïżœRïżœoïżœVïżœïżœïżœïżœïżœSïżœïżœïżœïżœ	0000001.000	016	0000075.600	1	00000000	000000000000	00000000	00000000	00000000	001	99123456	1111	20250613	08	350	00500	1906255555	0	0	000
987654321	0000001001	20241010	20250603	21	0061	004	336578	610421319		ïżœRïżœoïżœVïżœïżœïżœïżœïżœSïżœïżœïżœïżœ	0000001.000	016	0000075.600	1	00000000	000000000000	00000000	00000000	00000000	001	99123456	1111	20250618	08	350	00500	1906255555	0	0	000
987654321	0000001001	20241010	20250603	21	0038	007	336578	610421319		ïżœRïżœoïżœVïżœïżœïżœïżœïżœSïżœïżœïżœïżœ	0000001.000	016	0000075.600	1	00000000	000000000000	00000000	00000000	00000000	001	99123456	1111	20250614	08	350	00500	1906255555	0	0	000
987654321	0000001001	20241010	20250603	21	0012	002	336578	610421319		ïżœRïżœoïżœVïżœïżœïżœïżœïżœSïżœïżœïżœïżœ	0000001.000	016	0000075.600	1	00000000	000000000000	00000000	00000000	00000000	001	99123456	1111	20250607	08	350	00500	1906255555	0	0	000
987654321	0000001001	20241010	20250603	21	0019	002	336578	610421319		ïżœRïżœoïżœVïżœïżœïżœïżœïżœSïżœïżœïżœïżœ	0000001.000	016	0000075.600	1	00000000	000000000000	00000000	00000000	00000000	001	99123456	1111	20250609	08	350	00500	1906255555	0	0	000
987654321	0000001001	20241010	20250603	21	0028	002	336578	610421319		ïżœRïżœoïżœVïżœïżœïżœïżœïżœSïżœïżœïżœïżœ	0000001.000	016	0000075.600	1	00000000	000000000000	00000000	00000000	00000000	001	99123456	1111	20250612	08	350	00500	1906255555	0	0	000
987654321	0000001001	20241010	20250603	21	0056	007	336578	610421319		ïżœRïżœoïżœVïżœïżœïżœïżœïżœSïżœïżœïżœïżœ	0000001.000	016	0000075.600	1	00000000	000000000000	00000000	00000000	00000000	001	99123456	1111	20250617	08	350	00500	1906255555	0	0	000
987654321	0000001001	20241010	20250603	21	0054	007	336578	610421319		ïżœRïżœoïżœVïżœïżœïżœïżœïżœSïżœïżœïżœïżœ	0000001.000	016	0000075.600	1	00000000	000000000000	00000000	00000000	00000000	001	99123456	1111	20250615	08	350	00500	1906255555	0	0	000
987654321	0000001001	20241010	20250603	21	0018	002	336578	610421319		ïżœRïżœoïżœVïżœïżœïżœïżœïżœSïżœïżœïżœïżœ	0000001.000	016	0000075.600	1	00000000	000000000000	00000000	00000000	00000000	001	99123456	1111	20250608	08	350	00500	1906255555	0	0	000
987654321	0000001001	20241010	20250603	21	0026	002	336578	610421319		ïżœRïżœoïżœVïżœïżœïżœïżœïżœSïżœïżœïżœïżœ	0000001.000	016	0000075.600	1	00000000	000000000000	00000000	00000000	00000000	001	99123456	1111	20250610	08	350	00500	1906255555	0	0	000
987654321	0000001001	20241010	20250603	21	0027	002	336578	610421319		ïżœRïżœoïżœVïżœïżœïżœïżœïżœSïżœïżœïżœïżœ	0000001.000	016	0000075.600	1	00000000	000000000000	00000000	00000000	00000000	001	99123456	1111	20250611	08	350	00500	1906255555	0	0	000
987654321	0000001001	20241010	20250603	21	0009	002	336578	610421319		ïżœRïżœoïżœVïżœïżœïżœïżœïżœSïżœïżœïżœïżœ	0000001.000	016	0000075.600	1	00000000	000000000000	00000000	00000000	00000000	001	99123456	1111	20250606	08	350	00500	1906255555	0	0	000
987654321	0000001001	20241010	20250603	21	0055	007	336578	610421319		ïżœRïżœoïżœVïżœïżœïżœïżœïżœSïżœïżœïżœïżœ	0000001.000	016	0000075.600	1	00000000	000000000000	00000000	00000000	00000000	001	99123456	1111	20250616	08	350	00500	1906255555	0	0	000
987654321	0000001001	20241010	20250603	21	0057	007	336578	610421319		ïżœRïżœoïżœVïżœïżœïżœïżœïżœSïżœïżœïżœïżœ	0000001.000	016	0000075.600	1	00000000	000000000000	00000000	00000000	00000000	001	99123456	1111	20250618	08	350	00500	1906255555	0	0	000
987654321	0000001001	20241010	20250603	21	0013	002	222249	610443053		ïżœoïżœCïżœAïżœXïżœsïżœïżœïżœïżœïżœïżœïżœPïżœOïżœOïżœïżœïżœïżœ	0000001.000	016	0000005.700	1	00000000	000000000000	00000000	00000000	00000000	001	99123456	1111	20250607	08	350	00500	1906255555	0	0	000
987654321	0000001001	20241010	20250603	21	0022	002	222249	610443053		ïżœoïżœCïżœAïżœXïżœsïżœïżœïżœïżœïżœïżœïżœPïżœOïżœOïżœïżœïżœïżœ	0000001.000	016	0000005.700	1	00000000	000000000000	00000000	00000000	00000000	001	99123456	1111	20250610	08	350	00500	1906255555	0	0	000
987654321	0000001001	20241010	20250603	21	0024	002	222249	610443053		ïżœoïżœCïżœAïżœXïżœsïżœïżœïżœïżœïżœïżœïżœPïżœOïżœOïżœïżœïżœïżœ	0000001.000	016	0000005.700	1	00000000	000000000000	00000000	00000000	00000000	001	99123456	1111	20250612	08	350	00500	1906255555	0	0	000
987654321	0000001001	20241010	20250603	21	0005	002	222249	610443053		ïżœoïżœCïżœAïżœXïżœsïżœïżœïżœïżœïżœïżœïżœPïżœOïżœOïżœïżœïżœïżœ	0000001.000	016	0000005.700	1	00000000	000000000000	00000000	00000000	00000000	001	99123456	1111	20250606	08	350	00500	1906255555	0	0	000
987654321	0000001001	20241010	20250603	21	0056	002	222249	610443053		ïżœoïżœCïżœAïżœXïżœsïżœïżœïżœïżœïżœïżœïżœPïżœOïżœOïżœïżœïżœïżœ	0000001.000	016	0000005.700	1	00000000	000000000000	00000000	00000000	00000000	001	99123456	1111	20250617	08	350	00500	1906255555	0	0	000
987654321	0000001001	20241010	20250603	21	0037	002	222249	610443053		ïżœoïżœCïżœAïżœXïżœsïżœïżœïżœïżœïżœïżœïżœPïżœOïżœOïżœïżœïżœïżœ	0000001.000	016	0000005.700	1	00000000	000000000000	00000000	00000000	00000000	001	99123456	1111	20250613	08	350	00500	1906255555	0	0	000
987654321	0000001001	20241010	20250603	21	0055	002	222249	610443053		ïżœoïżœCïżœAïżœXïżœsïżœïżœïżœïżœïżœïżœïżœPïżœOïżœOïżœïżœïżœïżœ	0000001.000	016	0000005.700	1	00000000	000000000000	00000000	00000000	00000000	001	99123456	1111	20250616	08	350	00500	1906255555	0	0	000
987654321	0000001001	20241010	20250603	21	0057	002	222249	610443053		ïżœoïżœCïżœAïżœXïżœsïżœïżœïżœïżœïżœïżœïżœPïżœOïżœOïżœïżœïżœïżœ	0000001.000	016	0000005.700	1	00000000	000000000000	00000000	00000000	00000000	001	99123456	1111	20250618	08	350	00500	1906255555	0	0	000
987654321	0000001001	20241010	20250603	21	0020	002	222249	610443053		ïżœoïżœCïżœAïżœXïżœsïżœïżœïżœïżœïżœïżœïżœPïżœOïżœOïżœïżœïżœïżœ	0000001.000	016	0000005.700	1	00000000	000000000000	00000000	00000000	00000000	001	99123456	1111	20250608	08	350	00500	1906255555	0	0	000
987654321	0000001001	20241010	20250603	21	0003	002	222249	610443053		ïżœoïżœCïżœAïżœXïżœsïżœïżœïżœïżœïżœïżœïżœPïżœOïżœOïżœïżœïżœïżœ	0000001.000	016	0000005.700	1	00000000	000000000000	00000000	00000000	00000000	001	99123456	1111	20250604	08	350	00500	1906255555	0	0	000
987654321	0000001001	20241010	20250603	21	0021	002	222249	610443053		ïżœoïżœCïżœAïżœXïżœsïżœïżœïżœïżœïżœïżœïżœPïżœOïżœOïżœïżœïżœïżœ	0000001.000	016	0000005.700	1	00000000	000000000000	00000000	00000000	00000000	001	99123456	1111	20250609	08	350	00500	1906255555	0	0	000
987654321	0000001001	20241010	20250603	21	0023	002	222249	610443053		ïżœoïżœCïżœAïżœXïżœsïżœïżœïżœïżœïżœïżœïżœPïżœOïżœOïżœïżœïżœïżœ	0000001.000	016	0000005.700	1	00000000	000000000000	00000000	00000000	00000000	001	99123456	1111	20250611	08	350	00500	1906255555	0	0	000
987654321	0000001001	20241010	20250603	21	0004	002	222249	610443053		ïżœoïżœCïżœAïżœXïżœsïżœïżœïżœïżœïżœïżœïżœPïżœOïżœOïżœïżœïżœïżœ	0000001.000	016	0000005.700	1	00000000	000000000000	00000000	00000000	00000000	001	99123456	1111	20250605	08	350	00500	1906255555	0	0	000
987654321	0000001001	20241010	20250603	21	0036	002	222249	610443053		ïżœoïżœCïżœAïżœXïżœsïżœïżœïżœïżœïżœïżœïżœPïżœOïżœOïżœïżœïżœïżœ	0000001.000	016	0000005.700	1	00000000	000000000000	00000000	00000000	00000000	001	99123456	1111	20250612	08	350	00500	1906255555	0	0	000
987654321	0000001001	20241010	20250603	21	0038	002	222249	610443053		ïżœoïżœCïżœAïżœXïżœsïżœïżœïżœïżœïżœïżœïżœPïżœOïżœOïżœïżœïżœïżœ	0000001.000	016	0000005.700	1	00000000	000000000000	00000000	00000000	00000000	001	99123456	1111	20250614	08	350	00500	1906255555	0	0	000
987654321	0000001001	20241010	20250603	21	0054	002	222249	610443053		ïżœoïżœCïżœAïżœXïżœsïżœïżœïżœïżœïżœïżœïżœPïżœOïżœOïżœïżœïżœïżœ	0000001.000	016	0000005.700	1	00000000	000000000000	00000000	00000000	00000000	001	99123456	1111	20250615	08	350	00500	1906255555	0	0	000
987654321	0000001001	20241010	20250603	21	0011	002	203433	620004902		ïżœAïżœXïżœpïżœïżœïżœJïżœïżœïżœEïżœïżœïżœïżœïżœRïżœOïżœOïżœr	0000006.000	016	0000035.400	1	00000000	000000000000	00000000	00000000	00000000	001	99123456	1111	20250607	08	350	00500	1906255555	0	0	000
987654321	0000001001	20241010	20250603	21	0016	002	203433	620004902		ïżœAïżœXïżœpïżœïżœïżœJïżœïżœïżœEïżœïżœïżœïżœïżœRïżœOïżœOïżœr	0000006.000	016	0000035.400	1	00000000	000000000000	00000000	00000000	00000000	001	99123456	1111	20250608	08	350	00500	1906255555	0	0	000
987654321	0000001001	20241010	20250603	21	0017	002	203433	620004902		ïżœAïżœXïżœpïżœïżœïżœJïżœïżœïżœEïżœïżœïżœïżœïżœRïżœOïżœOïżœr	0000006.000	016	0000035.400	1	00000000	000000000000	00000000	00000000	00000000	001	99123456	1111	20250609	08	350	00500	1906255555	0	0	000
987654321	0000001001	20241010	20250603	21	0001	002	693984	620156901		ïżœgïżœïżœïżœ]ïżœhïżœïżœïżœïżœïżœ_ïżœïżœïżœïżœïżœQïżœTïżœïżœïżœïżœ	0000001.000	016	0000006.300	1	00000000	000000000000	00000000	00000000	00000000	001	99123456	1111	20250604	08	350	00500	1906255555	0	0	000
987654321	0000001001	20241010	20250603	21	0025	002	426437	620480601		ïżœZïżœïżœïżœmïżœVïżœhïżœïżœïżœPïżœQïżœrïżœuïżœTïżœïżœïżœCïżœv	0000002.000	016	0000010.200	1	00000000	000000000000	00000000	00000000	00000000	001	99123456	1111	20250609	08	350	00500	1906255555	0	0	000
987654321	0000001001	20241010	20250603	21	0029	002	426437	620480601		ïżœZïżœïżœïżœmïżœVïżœhïżœïżœïżœPïżœQïżœrïżœuïżœTïżœïżœïżœCïżœv	0000002.000	016	0000010.200	1	00000000	000000000000	00000000	00000000	00000000	001	99123456	1111	20250612	08	350	00500	1906255555	0	0	000
987654321	0000001001	20241010	20250603	21	0058	002	426437	620480601		ïżœZïżœïżœïżœmïżœVïżœhïżœïżœïżœPïżœQïżœrïżœuïżœTïżœïżœïżœCïżœv	0000002.000	016	0000010.200	1	00000000	000000000000	00000000	00000000	00000000	001	99123456	1111	20250616	08	350	00500	1906255555	0	0	000
987654321	0000001001	20241010	20250603	21	0040	002	747513	621399401		ïżœrïżœ\ïżœvïżœïżœïżœïżœïżœ[ïżœïżœïżœtïżœ}ïżœïżœïżœ_ïżœïżœïżœïżœ	0000000.500	016	0000005.050	1	00000000	000000000000	00000000	00000000	00000000	001	99123456	1111	20250614	08	350	00500	1906255555	0	0	000
987654321	0000001001	20241010	20250603	21	0039	002	747513	621399401		ïżœrïżœ\ïżœvïżœïżœïżœïżœïżœ[ïżœïżœïżœtïżœ}ïżœïżœïżœ_ïżœïżœïżœïżœ	0000000.500	016	0000005.050	1	00000000	000000000000	00000000	00000000	00000000	001	99123456	1111	20250613	08	350	00500	1906255555	0	0	000
987654321	0000001001	20241010	20250603	21	0055	006	747513	621399401		ïżœrïżœ\ïżœvïżœïżœïżœïżœïżœ[ïżœïżœïżœtïżœ}ïżœïżœïżœ_ïżœïżœïżœïżœ	0000000.500	016	0000005.050	1	00000000	000000000000	00000000	00000000	00000000	001	99123456	1111	20250616	08	350	00500	1906255555	0	0	000
987654321	0000001001	20241010	20250603	21	0057	006	747513	621399401		ïżœrïżœ\ïżœvïżœïżœïżœïżœïżœ[ïżœïżœïżœtïżœ}ïżœïżœïżœ_ïżœïżœïżœïżœ	0000000.500	016	0000005.050	1	00000000	000000000000	00000000	00000000	00000000	001	99123456	1111	20250618	08	350	00500	1906255555	0	0	000
987654321	0000001001	20241010	20250603	21	0042	002	747513	621399401		ïżœrïżœ\ïżœvïżœïżœïżœïżœïżœ[ïżœïżœïżœtïżœ}ïżœïżœïżœ_ïżœïżœïżœïżœ	0000000.500	016	0000005.050	1	00000000	000000000000	00000000	00000000	00000000	001	99123456	1111	20250615	08	350	00500	1906255555	0	0	000
987654321	0000001001	20241010	20250603	21	0044	002	747513	621399401		ïżœrïżœ\ïżœvïżœïżœïżœïżœïżœ[ïżœïżœïżœtïżœ}ïżœïżœïżœ_ïżœïżœïżœïżœ	0000000.500	016	0000005.050	1	00000000	000000000000	00000000	00000000	00000000	001	99123456	1111	20250617	08	350	00500	1906255555	0	0	000
987654321	0000001001	20241010	20250603	21	0036	006	747513	621399401		ïżœrïżœ\ïżœvïżœïżœïżœïżœïżœ[ïżœïżœïżœtïżœ}ïżœïżœïżœ_ïżœïżœïżœïżœ	0000000.500	016	0000005.050	1	00000000	000000000000	00000000	00000000	00000000	001	99123456	1111	20250612	08	350	00500	1906255555	0	0	000
987654321	0000001001	20241010	20250603	21	0037	006	747513	621399401		ïżœrïżœ\ïżœvïżœïżœïżœïżœïżœ[ïżœïżœïżœtïżœ}ïżœïżœïżœ_ïżœïżœïżœïżœ	0000000.500	016	0000005.050	1	00000000	000000000000	00000000	00000000	00000000	001	99123456	1111	20250613	08	350	00500	1906255555	0	0	000
987654321	0000001001	20241010	20250603	21	0054	006	747513	621399401		ïżœrïżœ\ïżœvïżœïżœïżœïżœïżœ[ïżœïżœïżœtïżœ}ïżœïżœïżœ_ïżœïżœïżœïżœ	0000000.500	016	0000005.050	1	00000000	000000000000	00000000	00000000	00000000	001	99123456	1111	20250615	08	350	00500	1906255555	0	0	000
987654321	0000001001	20241010	20250603	21	0056	006	747513	621399401		ïżœrïżœ\ïżœvïżœïżœïżœïżœïżœ[ïżœïżœïżœtïżœ}ïżœïżœïżœ_ïżœïżœïżœïżœ	0000000.500	016	0000005.050	1	00000000	000000000000	00000000	00000000	00000000	001	99123456	1111	20250617	08	350	00500	1906255555	0	0	000
987654321	0000001001	20241010	20250603	21	0043	002	747513	621399401		ïżœrïżœ\ïżœvïżœïżœïżœïżœïżœ[ïżœïżœïżœtïżœ}ïżœïżœïżœ_ïżœïżœïżœïżœ	0000000.500	016	0000005.050	1	00000000	000000000000	00000000	00000000	00000000	001	99123456	1111	20250616	08	350	00500	1906255555	0	0	000
987654321	0000001001	20241010	20250603	21	0038	006	747513	621399401		ïżœrïżœ\ïżœvïżœïżœïżœïżœïżœ[ïżœïżœïżœtïżœ}ïżœïżœïżœ_ïżœïżœïżœïżœ	0000000.500	016	0000005.050	1	00000000	000000000000	00000000	00000000	00000000	001	99123456	1111	20250614	08	350	00500	1906255555	0	0	000
987654321	0000001001	20241010	20250603	21	0061	003	747513	621399401		ïżœrïżœ\ïżœvïżœïżœïżœïżœïżœ[ïżœïżœïżœtïżœ}ïżœïżœïżœ_ïżœïżœïżœïżœ	0000001.000	016	0000010.100	1	00000000	000000000000	00000000	00000000	00000000	001	99123456	1111	20250618	08	350	00500	1906255555	0	0	000
987654321	0000001001	20241010	20250603	21	0045	002	747513	621399401		ïżœrïżœ\ïżœvïżœïżœïżœïżœïżœ[ïżœïżœïżœtïżœ}ïżœïżœïżœ_ïżœïżœïżœïżœ	0000000.500	016	0000005.050	1	00000000	000000000000	00000000	00000000	00000000	001	99123456	1111	20250618	08	350	00500	1906255555	0	0	000
987654321	0000001001	20241010	20250603	21	0003	004	219001	621919001		ïżœïżœïżœïżœïżœ\ïżœvïżœïżœïżœ]ïżœ[ïżœïżœïżœnïżœcïżœïżœïżœPïżœTïżœïżœïżœïżœ	0000001.000	016	0000023.000	0	00000000	000000000000	00000000	00000000	00000000	001	99123456	1111	20250604	08	350	00500	1906255555	0	0	000
987654321	0000001001	20241010	20250603	21	0056	004	219001	621919001		ïżœïżœïżœïżœïżœ\ïżœvïżœïżœïżœ]ïżœ[ïżœïżœïżœnïżœcïżœïżœïżœPïżœTïżœïżœïżœïżœ	0000001.000	016	0000023.000	0	00000000	000000000000	00000000	00000000	00000000	001	99123456	1111	20250617	08	350	00500	1906255555	0	0	000
987654321	0000001001	20241010	20250603	21	0013	004	219001	621919001		ïżœïżœïżœïżœïżœ\ïżœvïżœïżœïżœ]ïżœ[ïżœïżœïżœnïżœcïżœïżœïżœPïżœTïżœïżœïżœïżœ	0000001.000	016	0000023.000	0	00000000	000000000000	00000000	00000000	00000000	001	99123456	1111	20250607	08	350	00500	1906255555	0	0	000
987654321	0000001001	20241010	20250603	21	0021	004	219001	621919001		ïżœïżœïżœïżœïżœ\ïżœvïżœïżœïżœ]ïżœ[ïżœïżœïżœnïżœcïżœïżœïżœPïżœTïżœïżœïżœïżœ	0000001.000	016	0000023.000	0	00000000	000000000000	00000000	00000000	00000000	001	99123456	1111	20250609	08	350	00500	1906255555	0	0	000
987654321	0000001001	20241010	20250603	21	0055	004	219001	621919001		ïżœïżœïżœïżœïżœ\ïżœvïżœïżœïżœ]ïżœ[ïżœïżœïżœnïżœcïżœïżœïżœPïżœTïżœïżœïżœïżœ	0000001.000	016	0000023.000	0	00000000	000000000000	00000000	00000000	00000000	001	99123456	1111	20250616	08	350	00500	1906255555	0	0	000
987654321	0000001001	20241010	20250603	21	0036	004	219001	621919001		ïżœïżœïżœïżœïżœ\ïżœvïżœïżœïżœ]ïżœ[ïżœïżœïżœnïżœcïżœïżœïżœPïżœTïżœïżœïżœïżœ	0000001.000	016	0000023.000	0	00000000	000000000000	00000000	00000000	00000000	001	99123456	1111	20250612	08	350	00500	1906255555	0	0	000
987654321	0000001001	20241010	20250603	21	0037	004	219001	621919001		ïżœïżœïżœïżœïżœ\ïżœvïżœïżœïżœ]ïżœ[ïżœïżœïżœnïżœcïżœïżœïżœPïżœTïżœïżœïżœïżœ	0000001.000	016	0000023.000	0	00000000	000000000000	00000000	00000000	00000000	001	99123456	1111	20250613	08	350	00500	1906255555	0	0	000
987654321	0000001001	20241010	20250603	21	0057	004	219001	621919001		ïżœïżœïżœïżœïżœ\ïżœvïżœïżœïżœ]ïżœ[ïżœïżœïżœnïżœcïżœïżœïżœPïżœTïżœïżœïżœïżœ	0000001.000	016	0000023.000	0	00000000	000000000000	00000000	00000000	00000000	001	99123456	1111	20250618	08	350	00500	1906255555	0	0	000
987654321	0000001001	20241010	20250603	21	0038	004	219001	621919001		ïżœïżœïżœïżœïżœ\ïżœvïżœïżœïżœ]ïżœ[ïżœïżœïżœnïżœcïżœïżœïżœPïżœTïżœïżœïżœïżœ	0000001.000	016	0000023.000	0	00000000	000000000000	00000000	00000000	00000000	001	99123456	1111	20250614	08	350	00500	1906255555	0	0	000
987654321	0000001001	20241010	20250603	21	0004	004	219001	621919001		ïżœïżœïżœïżœïżœ\ïżœvïżœïżœïżœ]ïżœ[ïżœïżœïżœnïżœcïżœïżœïżœPïżœTïżœïżœïżœïżœ	0000001.000	016	0000023.000	0	00000000	000000000000	00000000	00000000	00000000	001	99123456	1111	20250605	08	350	00500	1906255555	0	0	000
987654321	0000001001	20241010	20250603	21	0024	004	219001	621919001		ïżœïżœïżœïżœïżœ\ïżœvïżœïżœïżœ]ïżœ[ïżœïżœïżœnïżœcïżœïżœïżœPïżœTïżœïżœïżœïżœ	0000001.000	016	0000023.000	0	00000000	000000000000	00000000	00000000	00000000	001	99123456	1111	20250612	08	350	00500	1906255555	0	0	000
987654321	0000001001	20241010	20250603	21	0054	004	219001	621919001		ïżœïżœïżœïżœïżœ\ïżœvïżœïżœïżœ]ïżœ[ïżœïżœïżœnïżœcïżœïżœïżœPïżœTïżœïżœïżœïżœ	0000001.000	016	0000023.000	0	00000000	000000000000	00000000	00000000	00000000	001	99123456	1111	20250615	08	350	00500	1906255555	0	0	000
987654321	0000001001	20241010	20250603	21	0020	004	219001	621919001		ïżœïżœïżœïżœïżœ\ïżœvïżœïżœïżœ]ïżœ[ïżœïżœïżœnïżœcïżœïżœïżœPïżœTïżœïżœïżœïżœ	0000001.000	016	0000023.000	0	00000000	000000000000	00000000	00000000	00000000	001	99123456	1111	20250608	08	350	00500	1906255555	0	0	000
987654321	0000001001	20241010	20250603	21	0061	008	219001	621919001		ïżœïżœïżœïżœïżœ\ïżœvïżœïżœïżœ]ïżœ[ïżœïżœïżœnïżœcïżœïżœïżœPïżœTïżœïżœïżœïżœ	0000001.000	016	0000023.000	0	00000000	000000000000	00000000	00000000	00000000	001	99123456	1111	20250618	08	350	00500	1906255555	0	0	000
987654321	0000001001	20241010	20250603	21	0022	004	219001	621919001		ïżœïżœïżœïżœïżœ\ïżœvïżœïżœïżœ]ïżœ[ïżœïżœïżœnïżœcïżœïżœïżœPïżœTïżœïżœïżœïżœ	0000001.000	016	0000023.000	0	00000000	000000000000	00000000	00000000	00000000	001	99123456	1111	20250610	08	350	00500	1906255555	0	0	000
987654321	0000001001	20241010	20250603	21	0005	004	219001	621919001		ïżœïżœïżœïżœïżœ\ïżœvïżœïżœïżœ]ïżœ[ïżœïżœïżœnïżœcïżœïżœïżœPïżœTïżœïżœïżœïżœ	0000001.000	016	0000023.000	0	00000000	000000000000	00000000	00000000	00000000	001	99123456	1111	20250606	08	350	00500	1906255555	0	0	000
987654321	0000001001	20241010	20250603	21	0023	004	219001	621919001		ïżœïżœïżœïżœïżœ\ïżœvïżœïżœïżœ]ïżœ[ïżœïżœïżœnïżœcïżœïżœïżœPïżœTïżœïżœïżœïżœ	0000001.000	016	0000023.000	0	00000000	000000000000	00000000	00000000	00000000	001	99123456	1111	20250611	08	350	00500	1906255555	0	0	000
987654321	0000001001	20241010	20250603	21	0002	002	607291	622068002		ïżœïżœïżœCïżœïżœïżœeïżœ[ïżœgïżœïżœïżœOïżœDïżœUïżœQïżœTïżœr	0000001.000	016	0000014.200	1	00000000	000000000000	00000000	00000000	00000000	001	99123456	1111	20250604	08	350	00500	1906255555	0	0	000
987654321	0000001001	20241010	20250603	21	0006	002	607291	622068002		ïżœïżœïżœCïżœïżœïżœeïżœ[ïżœgïżœïżœïżœOïżœDïżœUïżœQïżœTïżœr	0000001.000	016	0000014.200	1	00000000	000000000000	00000000	00000000	00000000	001	99123456	1111	20250605	08	350	00500	1906255555	0	0	000
987654321	0000001001	20241010	20250603	21	0007	002	607291	622068002		ïżœïżœïżœCïżœïżœïżœeïżœ[ïżœgïżœïżœïżœOïżœDïżœUïżœQïżœTïżœr	0000001.000	016	0000014.200	1	00000000	000000000000	00000000	00000000	00000000	001	99123456	1111	20250606	08	350	00500	1906255555	0	0	000
987654321	0000001001	20241010	20250603	21	0014	002	607291	622068002		ïżœïżœïżœCïżœïżœïżœeïżœ[ïżœgïżœïżœïżœOïżœDïżœUïżœQïżœTïżœr	0000001.000	016	0000014.200	1	00000000	000000000000	00000000	00000000	00000000	001	99123456	1111	20250608	08	350	00500	1906255555	0	0	000
987654321	0000001001	20241010	20250603	21	0026	003	607291	622068002		ïżœïżœïżœCïżœïżœïżœeïżœ[ïżœgïżœïżœïżœOïżœDïżœUïżœQïżœTïżœr	0000002.000	016	0000028.400	1	00000000	000000000000	00000000	00000000	00000000	001	99123456	1111	20250610	08	350	00500	1906255555	0	0	000
987654321	0000001001	20241010	20250603	21	0027	003	607291	622068002		ïżœïżœïżœCïżœïżœïżœeïżœ[ïżœgïżœïżœïżœOïżœDïżœUïżœQïżœTïżœr	0000002.000	016	0000028.400	1	00000000	000000000000	00000000	00000000	00000000	001	99123456	1111	20250611	08	350	00500	1906255555	0	0	000
987654321	0000001001	20241010	20250603	21	0015	002	607291	622068002		ïżœïżœïżœCïżœïżœïżœeïżœ[ïżœgïżœïżœïżœOïżœDïżœUïżœQïżœTïżœr	0000001.000	016	0000014.200	1	00000000	000000000000	00000000	00000000	00000000	001	99123456	1111	20250609	08	350	00500	1906255555	0	0	000
987654321	0000001001	20241010	20250603	21	0010	002	607291	622068002		ïżœïżœïżœCïżœïżœïżœeïżœ[ïżœgïżœïżœïżœOïżœDïżœUïżœQïżœTïżœr	0000001.000	016	0000014.200	1	00000000	000000000000	00000000	00000000	00000000	001	99123456	1111	20250607	08	350	00500	1906255555	0	0	000
987654321	0000001001	20241010	20250603	21	0028	003	607291	622068002		ïżœïżœïżœCïżœïżœïżœeïżœ[ïżœgïżœïżœïżœOïżœDïżœUïżœQïżœTïżœr	0000002.000	016	0000028.400	1	00000000	000000000000	00000000	00000000	00000000	001	99123456	1111	20250612	08	350	00500	1906255555	0	0	000
987654321	0000001001	20241010	20250603	21	0051	002	865705	622306601		ïżœXïżœ[ïżœOïżœïżœïżœïżœïżœQïżœTïżœïżœïżœïżœ	0000002.000	016	0000261.200	1	00000000	000000000000	00000000	00000000	00000000	001	99123456	1111	20250618	08	350	00500	1906255555	0	0	000
987654321	0000001001	20241010	20250603	21	0041	002	865705	622306601		ïżœXïżœ[ïżœOïżœïżœïżœïżœïżœQïżœTïżœïżœïżœïżœ	0000002.000	016	0000261.200	1	00000000	000000000000	00000000	00000000	00000000	001	99123456	1111	20250614	08	350	00500	1906255555	0	0	000
987654321	0000001001	20241010	20250603	21	0049	002	865705	622306601		ïżœXïżœ[ïżœOïżœïżœïżœïżœïżœQïżœTïżœïżœïżœïżœ	0000002.000	016	0000261.200	1	00000000	000000000000	00000000	00000000	00000000	001	99123456	1111	20250616	08	350	00500	1906255555	0	0	000
987654321	0000001001	20241010	20250603	21	0048	002	865705	622306601		ïżœXïżœ[ïżœOïżœïżœïżœïżœïżœQïżœTïżœïżœïżœïżœ	0000002.000	016	0000261.200	1	00000000	000000000000	00000000	00000000	00000000	001	99123456	1111	20250615	08	350	00500	1906255555	0	0	000
987654321	0000001001	20241010	20250603	21	0061	005	865705	622306601		ïżœXïżœ[ïżœOïżœïżœïżœïżœïżœQïżœTïżœïżœïżœïżœ	0000002.000	016	0000261.200	1	00000000	000000000000	00000000	00000000	00000000	001	99123456	1111	20250618	08	350	00500	1906255555	0	0	000
987654321	0000001001	20241010	20250603	21	0050	002	865705	622306601		ïżœXïżœ[ïżœOïżœïżœïżœïżœïżœQïżœTïżœïżœïżœïżœ	0000002.000	016	0000261.200	1	00000000	000000000000	00000000	00000000	00000000	001	99123456	1111	20250617	08	350	00500	1906255555	0	0	000
987654321	0000001001	20241010	20250603	21	0055	003	273632	622336601		ïżœGïżœtïżœBïżœGïżœïżœïżœgïżœïżœ3.75ïżœr	0000001.000	016	0000275.000	0	00000000	000000000000	00000000	00000000	00000000	001	99123456	1111	20250616	08	350	00500	1906255555	0	0	000
987654321	0000001001	20241010	20250603	21	0057	003	273632	622336601		ïżœGïżœtïżœBïżœGïżœïżœïżœgïżœïżœ3.75ïżœr	0000001.000	016	0000275.000	0	00000000	000000000000	00000000	00000000	00000000	001	99123456	1111	20250618	08	350	00500	1906255555	0	0	000
987654321	0000001001	20241010	20250603	21	0004	003	273632	622336601		ïżœGïżœtïżœBïżœGïżœïżœïżœgïżœïżœ3.75ïżœr	0000001.000	016	0000275.000	0	00000000	000000000000	00000000	00000000	00000000	001	99123456	1111	20250605	08	350	00500	1906255555	0	0	000
987654321	0000001001	20241010	20250603	21	0036	003	273632	622336601		ïżœGïżœtïżœBïżœGïżœïżœïżœgïżœïżœ3.75ïżœr	0000001.000	016	0000275.000	0	00000000	000000000000	00000000	00000000	00000000	001	99123456	1111	20250612	08	350	00500	1906255555	0	0	000
